encog,BasicNetwork,java,3.2.0,1,1395286328828
[BASIC]
[BASIC:PARAMS]
[BASIC:NETWORK]
beginTraining=0
connectionLimit=0
contextTargetOffset=0,0,0
contextTargetSize=0,0,0
endTraining=2
hasContext=f
inputCount=8
layerCounts=1,13,9
layerFeedCounts=1,12,8
layerContextCount=0,0,0
layerIndex=0,1,14
output=0,0,0,0,0,0,0,0,0,0,0,0,0,1,0,0,0,0,0,0,0,0,1
outputCount=1
weightIndex=0,13,121
weights=-5.1646942207,1.0489629862,0.7815844577,3.3684395379,-0.5696293641,2.2055182634,-1.0688777555,-0.3945796229,3.4010076389,-4.5981941255,1.0958892861,-2.2994914515,0.3846344513,-0.3819124303,0.2106009199,0.2741490719,0.1731243524,-0.4385964889,0.4313090822,-0.3308405442,1.037482955,1.0265501401,395.9587583795,-76.8297774103,-28.6131660944,102.1746372053,136.5984685908,-14.2677425455,39.7084462519,-18.3063294202,2.7780527591,47.1162357188,1.1922629856,0.6239913209,18.4231238638,-52.2085136637,-10.4840963676,-25.5224440695,-13.7224719256,-22.4965643818,0.5821664707,-2.1901941858,0.5918702385,2.3841161174,-1.6814317925,0.2217135498,1.8058505926,2.3623794985,1.4419736696,-16.6644980693,32.6719431542,0.350372187,11.1256893961,109.2029553933,3.4619119058,-18.1469609728,73.7855983021,13.7785202949,-1.7836203529,0.9491721435,0.851522517,1.3650285246,-1.1098802177,0.5530298102,-0.7919578582,2.4409982029,2.7103509098,2.5707714804,-3.0871351125,-2.7599441184,6.6592458225,-6.575580746,-4.821358965,5.8192455958,8.4250054372,-0.5693377297,-10.3782082171,3.7970724004,26.7631606581,2.0081779479,-8.9911016553,-50.2421422498,14.7549850248,20.6645232128,15.289180291,0.0235663178,-0.645533829,0.1572784662,-0.0217694974,0.0955863188,0.2940937376,-0.1858789998,3.2415319034,0.6697674542,0.0650954201,0.2358733454,0.3862356015,0.986142558,-0.8100525231,0.2759829986,0.6175896837,1.4202236917,1.5446683248,19.6948589603,-2.3032306172,40.2525480129,14.2831409964,3.0014015909,25.9814719874,-28.949900606,28.8976989441,8.8087041139,1.4681167142,0.5770610069,1.1114423917,-1.297354523,1.4150501602,0.1744084572,0.1413071166,0.4286692933,0.752610779
biasActivation=0,1,1
[BASIC:ACTIVATION]
"org.encog.engine.network.activation.ActivationTANH"
"org.encog.engine.network.activation.ActivationTANH"
"org.encog.engine.network.activation.ActivationLinear"
