encog,BasicNetwork,java,3.2.0,1,1395094879112
[BASIC]
[BASIC:PARAMS]
[BASIC:NETWORK]
beginTraining=0
connectionLimit=0
contextTargetOffset=0,0,0
contextTargetSize=0,0,0
endTraining=2
hasContext=f
inputCount=8
layerCounts=1,4,9
layerFeedCounts=1,3,8
layerContextCount=0,0,0
layerIndex=0,1,5
output=0,0,0,0,1,0,0,0,0,0,0,0,0,1
outputCount=1
weightIndex=0,4,31
weights=0.5296062525,0.1728781904,0.3414790513,0.2933617481,0.206755128,0.7471610285,0.2874082608,0.6378604387,0.660310992,0.7750900287,0.5039842652,0.0209259282,0.5245687702,0.1198951019,0.3501555749,0.0433117899,0.0780159747,0.3522710872,0.3770299819,0.6622177409,0.6178256616,0.778240359,0.1236121341,0.6473236016,0.078159049,0.6902195111,0.3685580831,0.3356650787,0.2159524937,0.183300447,0.2121125683
biasActivation=0,1,1
[BASIC:ACTIVATION]
"org.encog.engine.network.activation.ActivationTANH"
"org.encog.engine.network.activation.ActivationTANH"
"org.encog.engine.network.activation.ActivationLinear"
