encog,BasicNetwork,java,3.2.0,1,1395094346293
[BASIC]
[BASIC:PARAMS]
[BASIC:NETWORK]
beginTraining=0
connectionLimit=0
contextTargetOffset=0,0,0,0
contextTargetSize=0,0,0,0
endTraining=3
hasContext=f
inputCount=8
layerCounts=1,4,9,9
layerFeedCounts=1,3,8,8
layerContextCount=0,0,0,0
layerIndex=0,1,5,14
output=-0.9387131926,1,0.0836118888,-0.9999999998,1,1,1,-1,1,1,1,1,1,1,1,1,0,4,72,2,0,3,1
outputCount=1
weightIndex=0,4,31,103
weights=0.4405851605,0.7452727898,1.9156524006,-0.3143539873,4.2705947849,4.2956742325,-40.115085642,-5.2866190597,4.5169713243,4.1685537347,4.2252582286,-2.422509768,4.6050418401,-0.6282625668,0.7588684077,-6.1293885428,34.048112873,-1.0172034709,0.1847861487,0.5348474954,-39.9912501498,0.0645202723,0.5892976647,0.6413828014,7.1590839086,-5.7586558142,0.001208453,0.9160554903,1.4667766721,-2.1418796631,0.0279632338,1.1986395124,0.7587902504,-0.1861912068,0.3307435542,0.5876885051,1.3745114433,1.2698436275,0.6413527822,0.0777674661,0.7308885127,1.1800779735,1.381908257,-0.2764261277,0.8103832166,0.2715963365,0.7423487146,0.7347536079,0.1723089661,-21.4422835722,-2.8387674995,-18.9229248903,0.3752838069,-0.0872318388,0.2639753615,0.1620091243,1.6078763369,0.5516236523,0.5086401903,46.9479434417,15.8762758532,-0.7259485027,-0.1989236152,-1.3350494373,4.4208803614,0.1209522536,-5.4615438449,0.34835671,0.0569335886,0.5940633848,1.0915827756,0.6658278912,1.004365834,0.6557964023,0.6907183125,1.1231692981,1.1731004224,0.9754118255,0.6660986457,0.4047943669,0.5036165826,1.339040684,0.8584439368,1.2893554863,0.3784108672,1.4472616132,0.4529733714,0.2968136058,0.3321986142,0.5666097409,0.3929915227,0.8468681058,0.5355423547,-0.5904185888,0.0296843903,29.0610350989,16.2838770977,0.3237245615,0.351763164,-0.5453458669,0.8288898451,-2.0128242055,-15.7824358938
biasActivation=0,1,1,1
[BASIC:ACTIVATION]
"org.encog.engine.network.activation.ActivationTANH"
"org.encog.engine.network.activation.ActivationTANH"
"org.encog.engine.network.activation.ActivationTANH"
"org.encog.engine.network.activation.ActivationLinear"
