encog,BasicNetwork,java,3.2.0,1,1391904165378
[BASIC]
[BASIC:PARAMS]
[BASIC:NETWORK]
beginTraining=0
connectionLimit=0
contextTargetOffset=0,0,0
contextTargetSize=0,0,0
endTraining=2
hasContext=f
inputCount=8
layerCounts=1,4,9
layerFeedCounts=1,3,8
layerContextCount=0,0,0
layerIndex=0,1,5
output=-0.9226988303,1,1,1,1,1,1,0,4,72,2,0,3,1
outputCount=1
weightIndex=0,4,31
weights=-1.3241064811,-0.2069551146,-0.1375417467,0.0617153268,0.5884069633,23.7479097106,4.7396644258,0.0273507808,-0.0542811494,0.0875038199,0.4687918909,-0.343527204,-0.4961698983,0.6023842933,0.4697923195,0.1143755816,0.4658757225,0.5386685384,0.8553808337,0.8609857083,0.7894317927,-0.0348541312,0.5892674094,0.1467456448,0.5552683454,0.3676701825,0.6208536234,0.6607561776,0.5412527292,0.3442075786,0.4223583873
biasActivation=0,1,1
[BASIC:ACTIVATION]
"org.encog.engine.network.activation.ActivationTANH"
"org.encog.engine.network.activation.ActivationTANH"
"org.encog.engine.network.activation.ActivationLinear"
