encog,BasicNetwork,java,3.2.0,1,1391965541498
[BASIC]
[BASIC:PARAMS]
[BASIC:NETWORK]
beginTraining=0
connectionLimit=0
contextTargetOffset=0,0,0
contextTargetSize=0,0,0
endTraining=2
hasContext=f
inputCount=8
layerCounts=1,3,9
layerFeedCounts=1,2,8
layerContextCount=0,0,0
layerIndex=0,1,4
output=0,0,0,1,0,0,0,0,0,0,0,0,1
outputCount=1
weightIndex=0,3,21
weights=0.48247853,0.1522938675,-0.2180437237,0.0466839759,0.7142705718,0.5006128961,0.3222016425,0.2336652445,0.715949463,0.4561431198,0.2302947728,0.5968854728,0.5681669372,0.3382044074,0.4123360889,0.2706203914,0.1916416293,0.7027319631,0.1293988165,0.1211906889,-0.5211997039
biasActivation=0,1,1
[BASIC:ACTIVATION]
"org.encog.engine.network.activation.ActivationTANH"
"org.encog.engine.network.activation.ActivationTANH"
"org.encog.engine.network.activation.ActivationLinear"
