encog,BasicNetwork,java,3.2.0,1,1395092855882
[BASIC]
[BASIC:PARAMS]
[BASIC:NETWORK]
beginTraining=0
connectionLimit=0
contextTargetOffset=0,0,0
contextTargetSize=0,0,0
endTraining=2
hasContext=f
inputCount=8
layerCounts=1,4,9
layerFeedCounts=1,3,8
layerContextCount=0,0,0
layerIndex=0,1,5
output=0,0,0,0,1,0,0,0,0,0,0,0,0,1
outputCount=1
weightIndex=0,4,31
weights=0.4668880254,0.3263501667,0.5751513903,0.2048243116,0.3508250711,0.5513146194,0.5059102333,0.6829608612,0.1077733504,0.7363788548,0.5273928857,0.1689772379,0.6271610098,0.0481068671,0.5642047558,0.1031579676,0.3805023328,0.4759285517,0.3779736487,0.7800118994,0.3360090601,-0.7895742446,0.1730875329,0.2012847787,0.4345466856,0.0789308866,0.1490257813,0.5323950189,0.0558541696,0.1563547715,0.7858964673
biasActivation=0,1,1
[BASIC:ACTIVATION]
"org.encog.engine.network.activation.ActivationTANH"
"org.encog.engine.network.activation.ActivationTANH"
"org.encog.engine.network.activation.ActivationLinear"
