encog,BasicNetwork,java,3.2.0,1,1394994662167
[BASIC]
[BASIC:PARAMS]
[BASIC:NETWORK]
beginTraining=0
connectionLimit=0
contextTargetOffset=0,0,0,0
contextTargetSize=0,0,0,0
endTraining=3
hasContext=f
inputCount=8
layerCounts=1,4,11,9
layerFeedCounts=1,3,10,8
layerContextCount=0,0,0,0
layerIndex=0,1,5,16
output=0,0,0,0,1,0,0,0,0,0,0,0,0,0,0,1,0,0,0,0,0,0,0,0,1
outputCount=1
weightIndex=0,4,37,127
weights=0.7312656004,-0.8547545964,0.8128200825,-0.9359899177,4.0187599008,3.4357753523,1.7001968799,0.2646948577,0.6417725727,-0.6927707378,3.7260222392,1.130213818,3.671628774,-0.667067175,-1.6138897742,3.4323890984,7.0571914629,-1.3346689906,4.3723524941,-7.2700391905,-17.1441246936,0.5618554561,11.722153523,-6.3475970611,12.1087560929,-1.5196995348,0.243717642,0.5872536994,2.7190116967,0.314266678,0.3750172029,0.1431275129,-0.1909877808,0.3041718517,0.5887885245,2.4250979993,-0.3677776366,0.1335942394,-22.2247573925,0.8195347005,-0.3384348059,-0.0421127662,0.4489207233,-2.3361582479,-0.6572337776,2.3271983625,0.7573967721,13.0716259224,12.7803587345,0.7638038617,-0.5198897238,-1.4798033502,-1.1962665723,2.1577850557,-1.6744003816,-0.1698237311,-0.1436440166,-3.1466089295,4.3499495464,-0.0565111802,0.1768444655,-0.1652532722,0.6558283098,-1.0260726268,1.0317632876,-37.2247102487,8.1230754855,-1.5536651735,0.4051841398,94.3496131003,-1.3015108853,-2.561035238,-6.1947785986,-22.7251547704,-20.2562879061,-26.9586317898,-0.3220182327,0.1094749097,-0.3133467398,2.0725458445,-2.5859669259,2.2271495647,0.535017677,-36.0080243678,-1.3381283879,-1.302523817,0.1178172394,1.4080526569,-0.4154800982,-1.3746147355,1.638596739,0.6388922588,-33.7769394642,-25.6157541058,0.2486892558,0.4499942222,-1.9192362393,-1.8403714952,1.2798247289,-4.6049268413,0.3643700192,0.9868487516,1.2442956317,-0.0604627777,0.1543072402,-1.2257068839,17.7012710497,-1.0854609999,-0.1589501184,-0.4403424747,2.6009606971,-9.9251029906,6.3137607173,0.6638576143,-0.3251142343,-1.2660551347,5.4803987483,-19.4570328867,-0.3967017203,23.646952271,1.8227349449,-0.4499360839,-0.0139080306,0.5713838942,1.2427551054,0.5391761895,-2.7119705286
biasActivation=0,1,1,1
[BASIC:ACTIVATION]
"org.encog.engine.network.activation.ActivationTANH"
"org.encog.engine.network.activation.ActivationTANH"
"org.encog.engine.network.activation.ActivationTANH"
"org.encog.engine.network.activation.ActivationLinear"
