encog,BasicNetwork,java,3.2.0,1,1391965705508
[BASIC]
[BASIC:PARAMS]
[BASIC:NETWORK]
beginTraining=0
connectionLimit=0
contextTargetOffset=0,0,0
contextTargetSize=0,0,0
endTraining=2
hasContext=f
inputCount=8
layerCounts=1,4,9
layerFeedCounts=1,3,8
layerContextCount=0,0,0
layerIndex=0,1,5
output=0,0,0,0,1,0,0,0,0,0,0,0,0,1
outputCount=1
weightIndex=0,4,31
weights=0.0856371731,0.381788693,0.0154375813,-0.5747804445,0.314421542,0.1359986198,0.3356086042,0.5439481381,0.3198942822,0.6521027048,0.7497211031,0.4541337492,-0.6686866245,0.1003392099,0.7116089916,0.6455217442,0.7347627836,0.1635781749,0.224465653,0.0738528954,0.19959264,0.3672466729,0.3840929826,0.6012552426,0.7627029774,0.5301768399,0.3419718501,0.5621369925,0.5428553733,0.6471317674,-0.2411280667
biasActivation=0,1,1
[BASIC:ACTIVATION]
"org.encog.engine.network.activation.ActivationTANH"
"org.encog.engine.network.activation.ActivationTANH"
"org.encog.engine.network.activation.ActivationLinear"
