encog,BasicNetwork,java,3.2.0,1,1394994859268
[BASIC]
[BASIC:PARAMS]
[BASIC:NETWORK]
beginTraining=0
connectionLimit=0
contextTargetOffset=0,0,0
contextTargetSize=0,0,0
endTraining=2
hasContext=f
inputCount=8
layerCounts=1,4,9
layerFeedCounts=1,3,8
layerContextCount=0,0,0
layerIndex=0,1,5
output=-0.9355956756,1,1,1,1,1,1,0,4,72,2,0,3,1
outputCount=1
weightIndex=0,4,31
weights=-0.2477443439,-1.3526200402,0.0817485388,-0.182878965,0.3379235755,-0.032846565,0.3529749674,0.8439686244,0.5178386704,0.5591206102,0.5129092875,0.3869636032,-0.0802789297,0.3641158284,37.1050322623,14.4201843218,-1.0633126162,-0.0937049005,-0.014582024,2.5192552483,-2.6206812097,-0.5868405823,0.4955320206,0.5851857417,0.2920226791,0.5541265971,0.5802326992,0.3572086865,1.0666379147,0.7026133489,0.6425216674
biasActivation=0,1,1
[BASIC:ACTIVATION]
"org.encog.engine.network.activation.ActivationTANH"
"org.encog.engine.network.activation.ActivationTANH"
"org.encog.engine.network.activation.ActivationLinear"
