encog,BasicNetwork,java,3.2.0,1,1392496832766
[BASIC]
[BASIC:PARAMS]
[BASIC:NETWORK]
beginTraining=0
connectionLimit=0
contextTargetOffset=0,0,0
contextTargetSize=0,0,0
endTraining=2
hasContext=f
inputCount=8
layerCounts=1,4,9
layerFeedCounts=1,3,8
layerContextCount=0,0,0
layerIndex=0,1,5
output=-0.9381401959,1,1,1,1,1,1,0,4,72,2,0,3,1
outputCount=1
weightIndex=0,4,31
weights=-1.6738081868,0.0293865103,-0.0153245109,-0.0625605775,0.4039793348,19.6321721002,0.7646785229,0.1018141999,0.0781300739,-0.1129889991,-0.0283156764,-0.1109353644,-5.7235149591,0.5974180896,0.1117994632,0.6492588827,0.3155826931,0.6616385834,0.3617445231,0.4084256612,0.1901199122,0.7281955639,0.4165216169,0.3731981268,0.2243477679,0.5831105481,0.5250297332,0.857068093,0.467439457,0.5478465707,0.2918396527
biasActivation=0,1,1
[BASIC:ACTIVATION]
"org.encog.engine.network.activation.ActivationTANH"
"org.encog.engine.network.activation.ActivationTANH"
"org.encog.engine.network.activation.ActivationLinear"
