encog,BasicNetwork,java,3.2.0,1,1395094256835
[BASIC]
[BASIC:PARAMS]
[BASIC:NETWORK]
beginTraining=0
connectionLimit=0
contextTargetOffset=0,0,0
contextTargetSize=0,0,0
endTraining=2
hasContext=f
inputCount=8
layerCounts=1,2,9
layerFeedCounts=1,1,8
layerContextCount=0,0,0
layerIndex=0,1,3
output=-0.9359103077,1,1,1,1,0,4,72,2,0,3,1
outputCount=1
weightIndex=0,2,11
weights=-1.3692943423,-0.3347303543,2.0428872542,71.4125423715,12.7260937704,-1.2104724874,0.0461866502,-0.0548272379,1.9833059045,-2.9354182358,-7.7519036888
biasActivation=0,1,1
[BASIC:ACTIVATION]
"org.encog.engine.network.activation.ActivationTANH"
"org.encog.engine.network.activation.ActivationTANH"
"org.encog.engine.network.activation.ActivationLinear"
