encog,BasicNetwork,java,3.2.0,1,1395094377170
[BASIC]
[BASIC:PARAMS]
[BASIC:NETWORK]
beginTraining=0
connectionLimit=0
contextTargetOffset=0,0,0
contextTargetSize=0,0,0
endTraining=2
hasContext=f
inputCount=8
layerCounts=1,4,9
layerFeedCounts=1,3,8
layerContextCount=0,0,0
layerIndex=0,1,5
output=0,0,0,0,1,0,0,0,0,0,0,0,0,1
outputCount=1
weightIndex=0,4,31
weights=0.4854800365,0.2212098085,0.7972737771,-0.4626958565,1.0951472949,0.9475039316,1.0491635321,1.1807865443,1.4359328983,0.9196524189,1.4672451098,0.532077419,0.8172510255,0.2381867237,0.8891129225,1.2345738069,0.9332514368,0.4866391386,1.4846372598,0.1432019887,0.4588800683,1.5289296888,1.1084090904,0.0500830795,1.005427777,0.7529264477,1.09453066,1.5833869643,0.283990417,0.1083932628,-1.3965281166
biasActivation=0,1,1
[BASIC:ACTIVATION]
"org.encog.engine.network.activation.ActivationSigmoid"
"org.encog.engine.network.activation.ActivationSigmoid"
"org.encog.engine.network.activation.ActivationLinear"
