encog,BasicNetwork,java,3.2.0,1,1395095050089
[BASIC]
[BASIC:PARAMS]
[BASIC:NETWORK]
beginTraining=0
connectionLimit=0
contextTargetOffset=0,0,0
contextTargetSize=0,0,0
endTraining=2
hasContext=f
inputCount=8
layerCounts=1,4,9
layerFeedCounts=1,3,8
layerContextCount=0,0,0
layerIndex=0,1,5
output=0,0,0,0,1,0,0,0,0,0,0,0,0,1
outputCount=1
weightIndex=0,4,31
weights=0.1391297767,0.5183052592,0.578407245,-0.1229484848,0.7512122089,0.2669829972,0.7214471063,0.5634574035,0.5948258764,0.6968373168,0.4353860085,0.753714613,0.0781963504,0.4233320077,0.2496695761,0.0110388495,0.0098287082,0.2766631786,0.2703456079,0.717211402,0.1123236844,0.4086963512,0.0023658784,0.776322059,0.1448679636,0.2700317888,0.6199660422,0.6345507622,0.280253972,0.0566981468,0.7102700409
biasActivation=0,1,1
[BASIC:ACTIVATION]
"org.encog.engine.network.activation.ActivationTANH"
"org.encog.engine.network.activation.ActivationTANH"
"org.encog.engine.network.activation.ActivationLinear"
