encog,BasicNetwork,java,3.2.0,1,1395285043801
[BASIC]
[BASIC:PARAMS]
[BASIC:NETWORK]
beginTraining=0
connectionLimit=0
contextTargetOffset=0,0,0
contextTargetSize=0,0,0
endTraining=2
hasContext=f
inputCount=8
layerCounts=1,13,9
layerFeedCounts=1,12,8
layerContextCount=0,0,0
layerIndex=0,1,14
output=0,0,0,0,0,0,0,0,0,0,0,0,0,1,0,0,0,0,0,0,0,0,1
outputCount=1
weightIndex=0,13,121
weights=4.9869065577,-4.1778797262,-10.3337684046,7.2083287754,2.1925336049,-12.9831169022,2.2823301265,-9.1769244194,-9.0911339727,-11.6311780714,-12.2233190102,2.0204857579,3.708336751,10.0491546559,-4.1181703551,-8.6294880943,12.1313591285,-12.6692840288,6.7324122619,-13.0028899094,10.0263975582,0.1454253952,6.8038243284,7.2129743992,-0.2144945076,15.3584800207,-10.5512963352,-14.4393039977,-0.849083073,-3.7581451527,-5.2856960544,0.5845794263,-0.5785388362,-0.1072873871,0.789256289,1.5085416379,1.6916706038,0.3135085276,1.1267193842,0.8368222891,-1.0371273143,-1.015264966,-1.2119578184,3.2782249441,3.0430780047,1.2354358689,-0.8699895425,4.6646965038,-1.3356084286,47.3720640481,4.983551106,22.6515293552,-0.7405347117,-1.8952998945,1.9650574754,-0.270885275,3.216612387,-4.0015542197,3.1763773547,-0.5381406127,0.4369585657,-1.9112082337,1.6378089787,-0.1811128315,0.8987970755,0.0460538981,0.3055830499,41.3842695352,0.9823938359,22.7248531362,0.1171689219,-3.9991444211,0.6659900157,-2.002828321,5.6538478345,-5.0504012433,-3.7302450874,0.7392855866,1.0705024804,1.8851966345,2.3744688771,-0.6714232305,-1.9438277986,2.1879324691,-3.1001961149,3.6101194233,0.8973924164,-2.6572000549,0.7747684145,1.659587811,0.5260404208,-0.3704657688,-1.042739633,1.9073190804,-0.4451132574,-0.7448609305,1.6399795268,1.2687515853,-4.3814552951,-2.5711037391,-0.8561443796,-0.5336048814,2.8607080666,-1.4715512825,3.5686321856,0.442909764,-0.9415813337,-0.6270660976,1.8966004248,0.3000532538,0.8369305126,2.4253206681,43.8092370606,3.4535259105,22.1750854281,-1.0061960432,-6.4860886859,0.9765122525,0.1312892403,1.89556832,-7.5008471737
biasActivation=0,1,1
[BASIC:ACTIVATION]
"org.encog.engine.network.activation.ActivationTANH"
"org.encog.engine.network.activation.ActivationTANH"
"org.encog.engine.network.activation.ActivationLinear"
