encog,BasicNetwork,java,3.2.0,1,1395286202535
[BASIC]
[BASIC:PARAMS]
[BASIC:NETWORK]
beginTraining=0
connectionLimit=0
contextTargetOffset=0,0,0
contextTargetSize=0,0,0
endTraining=2
hasContext=f
inputCount=8
layerCounts=1,13,9
layerFeedCounts=1,12,8
layerContextCount=0,0,0
layerIndex=0,1,14
output=0,0,0,0,0,0,0,0,0,0,0,0,0,1,0,0,0,0,0,0,0,0,1
outputCount=1
weightIndex=0,13,121
weights=-1.5570953228,0.3816334697,-0.8234495341,1.5797772024,-0.4054054016,-1.6398221835,0.9493097752,-0.408096266,2.577236855,-0.4879559862,0.7016338901,0.6952371342,-0.0830756588,1.0593463205,0.7613181142,1.5856274799,-1.2968070111,1.872430172,-0.2471954881,0.9595861024,-0.8023320415,1.224200057,-1.9132239494,-10.4814847377,2.4047213758,10.8060974725,-16.4133115665,-5.2246628888,7.4460493742,1.0703337289,-3.9269880782,-11.0757607832,6.188525301,11.8403409031,15.3107644082,12.12221702,-13.5276581829,11.1843304777,-3.3310328142,-13.1476818197,0.6176096892,-1.6728605147,0.0005215056,0.0379677573,1.1356738896,0.3865035382,-0.0048822797,-0.5375348683,-0.2931341006,1.7023394862,-8.24883353,10.3797357596,-4.8270154266,0.4741341553,9.0534279863,15.3572160633,-22.6853448467,0.456552827,1.1733354816,1.0570688526,0.8531520465,-0.0593234827,3.529154169,0.6665407595,0.0893241676,0.775454995,1.860498662,94.4278618339,-21.8280119211,4.5900843197,25.5210838644,-69.3758005477,-3.325247145,2.2396961201,4.2547567551,-45.8527995602,-28.2871471253,3.9571516992,38.3905346507,34.8047657265,-2.412867863,0.677948133,-9.3550368474,-38.3532934927,-10.4846144535,-1.1335575637,-0.3138022952,0.8654253173,-0.1160808254,1.342953867,0.2933788023,0.7160213384,0.1471336974,-0.9930317226,23.5623495215,-0.0545733052,6.9614395926,0.2441940793,20.9686439253,2.7985597331,-0.6058335041,48.6388132746,0.3563022155,22.3541977868,-5.6898338678,-0.3318274403,-0.3920358824,96.9684032758,13.6981529366,12.2773562456,-13.3936357309,1.1824810147,31.2518268026,-0.2864256949,20.1389677053,26.787644574,-29.3758037886,28.5158724189,6.2768983767,0.0338525141,-1.9997132915
biasActivation=0,1,1
[BASIC:ACTIVATION]
"org.encog.engine.network.activation.ActivationTANH"
"org.encog.engine.network.activation.ActivationTANH"
"org.encog.engine.network.activation.ActivationLinear"
