encog,BasicNetwork,java,3.2.0,1,1391970324678
[BASIC]
[BASIC:PARAMS]
[BASIC:NETWORK]
beginTraining=0
connectionLimit=0
contextTargetOffset=0,0,0
contextTargetSize=0,0,0
endTraining=2
hasContext=f
inputCount=8
layerCounts=1,4,9
layerFeedCounts=1,3,8
layerContextCount=0,0,0
layerIndex=0,1,5
output=-0.8642803834,1,1,1,1,1,1,0,4,72,2,0,3,1
outputCount=1
weightIndex=0,4,31
weights=-1.2547655815,-0.1145209146,0.1190356181,-0.0597687667,0.8004424669,25.2443130608,7.3455072383,-0.0657618869,-0.0661567402,-0.158058709,0.0649925411,-0.1423640031,-0.0362425933,0.3358995459,0.5068657857,0.4953731187,0.6328493722,0.5764360461,0.1379988479,0.1041168221,0.4932921618,-0.5113716432,0.8596335003,0.5594260922,0.505719698,0.2863047409,0.538430305,0.7811619106,0.2727651405,0.5683576773,0.8651872024
biasActivation=0,1,1
[BASIC:ACTIVATION]
"org.encog.engine.network.activation.ActivationTANH"
"org.encog.engine.network.activation.ActivationTANH"
"org.encog.engine.network.activation.ActivationLinear"
