encog,BasicNetwork,java,3.2.0,1,1395285952608
[BASIC]
[BASIC:PARAMS]
[BASIC:NETWORK]
beginTraining=0
connectionLimit=0
contextTargetOffset=0,0,0
contextTargetSize=0,0,0
endTraining=2
hasContext=f
inputCount=8
layerCounts=1,13,9
layerFeedCounts=1,12,8
layerContextCount=0,0,0
layerIndex=0,1,14
output=0,0,0,0,0,0,0,0,0,0,0,0,0,1,0,0,0,0,0,0,0,0,1
outputCount=1
weightIndex=0,13,121
weights=15.8889088754,-5.0851693421,1.6305645531,1.6721975776,1.7010823413,-8.1355328358,-6.0851371716,2.5873624312,-1.563935793,-11.064481243,1.5179001928,1.7471024477,-0.5817114583,-2.5899600227,-0.4219828128,0.9366334003,0.9520579176,0.7202161603,0.7181395605,0.4526193523,1.4919159924,-0.2224575828,-0.1061774557,0.0659844611,2.061347344,2.0197316944,6.4403485727,-0.962449758,4.7021958006,-2.3467371498,-0.6360398579,0.6171657623,-39.9482521348,0.7925579228,10.2364429026,-27.8273146285,74.8667052403,1.8851031103,4.9281212982,-1.4228110255,-2.9886149589,-0.4748071469,0.2732503468,1.2238389123,-0.1674570963,0.5299730822,29.2364018703,1.5398811557,-0.5279523577,-2.7402546092,-7.0204811172,-5.0830226407,1.3797965921,-5.5491961624,-0.7105592149,0.2445344683,8.3685704521,0.509335618,0.0083674681,0.6158020517,2.0930396947,0.1373376607,4.886784053,1.176648069,2.4159777901,1.3009622884,-0.1830615098,-2.0131175493,0.7709576266,-7.2836636748,4.1222697012,-0.6518000964,10.2596282182,-0.3977654427,4.9352068958,3.3548024978,-11.3890848646,1.1288254185,4.7675635612,3.5505432694,5.7831519812,1.8025953526,14.1624574975,-0.3868631058,-5.429176258,-0.0119078386,28.9316514847,26.6896871313,-1.8076257456,49.7251821406,-1.0228890128,4.1531957828,-3.9144558292,1.256944488,0.5809187536,0.2717631781,0.1084024537,0.9997723315,3.21882875,-0.8872085708,1.0066298614,-2.4512324658,0.4695687065,-23.2150213575,-20.0840247428,-23.4414782895,1.5442755811,12.8297581265,68.8606205232,25.6478767055,12.4854707566,-18.0269393584,0.0299002701,-33.9365813245,1.149214797,0.2192639619,-0.3130129014,3.1924659605,10.9496694382,5.0380158433,-2.2656547619
biasActivation=0,1,1
[BASIC:ACTIVATION]
"org.encog.engine.network.activation.ActivationTANH"
"org.encog.engine.network.activation.ActivationTANH"
"org.encog.engine.network.activation.ActivationLinear"
